# MJD	Filter	File	Magnitude	Mag_Err	ZP_Mean	ZP_Std	N_ZP
59895.00	B	2022wpy_B_1	17.186	0.012	-3.098	0.087	149
59895.00	B	2022wpy_B_2	17.142	0.012	-3.175	0.297	158
59895.00	V	2022wpy_V_1	16.096	0.005	-2.639	0.227	173
59895.00	V	2022wpy_V_2	16.037	0.005	-2.676	0.349	177
59895.00	R	2022wpy_R_1	15.772	0.004	-2.288	0.187	162
59895.00	R	2022wpy_R_2	15.652	0.004	-2.406	0.380	174
59895.00	I	2022wpy_I_1	15.658	0.006	-2.770	0.067	163
59895.00	I	2022wpy_I_2	15.593	0.006	-2.817	0.273	171
59896.00	B	2022wpy_B_1	17.293	0.010	-3.029	0.161	161
59896.00	V	2022wpy_V_1	16.236	0.004	-2.538	0.149	165
59896.00	R	2022wpy_R_1	15.776	0.003	-2.292	0.407	162
59896.00	I	2022wpy_I_1	15.663	0.006	-2.905	0.068	164
59899.00	U	2022wpy_U_1	17.659	0.023	-5.044	0.216	58
59899.00	U	2022wpy_U_2	17.628	0.022	-4.988	0.087	57
59899.00	B	2022wpy_B_1	17.490	0.008	-2.980	0.152	162
59899.00	B	2022wpy_B_2	17.516	0.008	-2.954	0.115	161
59899.00	V	2022wpy_V_1	16.373	0.004	-2.571	0.258	173
59899.00	V	2022wpy_V_2	16.428	0.004	-2.538	0.192	169
59899.00	R	2022wpy_R_1	15.896	0.002	-1.543	0.387	157
59899.00	R	2022wpy_R_2	15.882	0.002	-1.557	0.437	164
59899.00	I	2022wpy_I_1	15.595	0.003	-2.045	0.452	164
59899.00	I	2022wpy_I_2	15.632	0.003	-2.007	0.392	161
59910.00	U	SN2022wpy_U_01_1	18.177	0.027	-5.071	0.191	62
59910.00	U	SN2022wpy_U_02_1	18.144	0.026	-5.100	0.159	60
59910.00	B	SN2022wpy_B_02_1	17.989	0.009	-3.012	0.173	165
59910.00	V	SN2022wpy_V_01_1	16.948	0.005	-2.554	0.307	173
59910.00	V	SN2022wpy_V_02_1	16.955	0.005	-2.550	0.413	169
59910.00	R	SN2022wpy_R_01_1	16.596	0.003	-2.245	0.309	161
59910.00	R	SN2022wpy_R_02_1	16.653	0.004	-2.220	0.284	158
59910.00	I	SN2022wpy_I_01_1	16.421	0.006	-2.704	0.247	157
59910.00	I	SN2022wpy_I_02_1	16.435	0.006	-2.662	0.316	155
59911.00	U	SN2022wpy_U_02_1	18.167	0.027	-5.075	0.276	64
59911.00	B	SN2022wpy_B_01_1	17.999	0.009	-2.997	0.202	164
59911.00	B	SN2022wpy_B_02_1	17.975	0.009	-3.021	0.094	163
59911.00	V	SN2022wpy_V_02_1	16.990	0.005	-2.574	0.301	168
59911.00	R	SN2022wpy_R_01_1	16.661	0.004	-2.236	0.258	158
59911.00	R	SN2022wpy_R_02_1	16.667	0.004	-2.237	0.237	157
59911.00	I	SN2022wpy_I_01_1	16.443	0.006	-2.712	0.218	162
59911.00	I	SN2022wpy_I_02_1	16.462	0.006	-2.707	0.185	160
59915.00	B	2022wpy_B_1_1	18.107	0.016	-3.055	0.094	156
59915.00	B	2022wpy_B_2_1	18.078	0.018	-3.148	0.102	158
59915.00	V	2022wpy_V_1	17.186	0.009	-2.748	0.122	165
59915.00	R	2022wpy_R_1	16.811	0.005	-2.239	0.263	159
59915.00	R	2022wpy_R_2	16.830	0.005	-2.221	0.236	156
59915.00	I	2022wpy_I_1	16.657	0.008	-2.721	0.061	162
59915.00	I	2022wpy_I_2	16.608	0.008	-2.763	0.389	164
59917.00	B	2022wpy_B_1	18.122	0.028	-3.034	0.143	155
59917.00	B	2022wpy_B_2	18.082	0.027	-3.041	0.174	155
59917.00	V	2022wpy_V_1	17.227	0.014	-2.581	0.118	168
59917.00	V	2022wpy_V_2	17.089	0.013	-2.663	0.475	173
59917.00	R	2022wpy_R_1	16.858	0.009	-2.239	0.244	158
59917.00	R	2022wpy_R_2	16.905	0.009	-2.241	0.110	157
59917.00	I	2022wpy_I_1	16.699	0.014	-2.728	0.231	164
59917.00	I	2022wpy_I_2	16.734	0.014	-2.723	0.108	160
59932.00	U	SN2022wpy_U_01_02_2	18.543	0.038	-5.215	0.311	59
59932.00	B	SN2022wpy_B_01_02_1	18.293	0.014	-3.163	0.164	164
59932.00	B	SN2022wpy_B_01_02_2	18.303	0.014	-3.112	0.099	156
59932.00	V	SN2022wpy_V_01_02_1	17.448	0.008	-2.691	0.321	169
59932.00	V	SN2022wpy_V_01_02_2	17.469	0.008	-2.683	0.387	171
59932.00	R	SN2022wpy_R_01_02_1	17.282	0.006	-2.332	0.271	166
59932.00	R	SN2022wpy_R_01_02_2	17.289	0.006	-2.324	0.262	166
59932.00	I	SN2022wpy_I_01_02_1	17.224	0.013	-2.822	0.241	170
59932.00	I	SN2022wpy_I_01_02_2	17.234	0.013	-2.832	0.358	171
59959.00	U	SN2022wpy_U_1-2_1	19.088	0.045	-5.047	0.157	58
59959.00	U	SN2022wpy_U_1-2_2	19.125	0.045	-5.034	0.086	61
59959.00	B	SN2022wpy_B_1-2_1	18.670	0.013	-3.083	0.210	164
59959.00	B	SN2022wpy_B_1-2_2	18.660	0.012	-3.069	0.221	164
59959.00	V	SN2022wpy_V_1-2_1	18.097	0.008	-2.557	0.177	165
59959.00	V	SN2022wpy_V_1-2_2	18.107	0.008	-2.545	0.272	164
59959.00	R	SN2022wpy_R_1-2_1	18.030	0.008	-2.293	0.313	154
59959.00	R	SN2022wpy_R_1-2_2	17.983	0.008	-2.347	0.421	155
59959.00	I	SN2022wpy_I_1-2_1	18.093	0.016	-2.768	0.331	156
59959.00	I	SN2022wpy_I_1-2_2	18.096	0.016	-2.756	0.282	143
59961.00	B	2022wpy_B_1-3_1	18.649	0.013	-3.169	0.191	161
59961.00	B	2022wpy_B_1-3_2	18.613	0.012	-3.120	0.104	161
59961.00	B	2022wpy_B_1-3_3	18.677	0.013	-3.117	0.148	162
59961.00	V	2022wpy_V_1-3_1	18.124	0.010	-2.685	0.136	163
59961.00	V	2022wpy_V_1-3_2	18.106	0.009	-2.684	0.284	164
59961.00	V	2022wpy_V_1-3_3	18.071	0.009	-2.684	0.155	162
59961.00	R	2022wpy_R_1	18.022	0.009	-2.396	0.298	154
59961.00	I	2022wpy_I_1	18.090	0.018	-2.820	0.221	150
59977.00	B	2022wpy_B_3_1	19.186	0.029	-1.820	0.239	151
59977.00	B	2022wpy_B_3_2	19.190	0.031	-1.833	0.243	154
59977.00	B	2022wpy_B_3_3	19.126	0.026	-1.788	0.238	153
59977.00	R	2022wpy_R_2_1	18.740	0.036	-2.308	0.427	144
59977.00	R	2022wpy_R_2_2	18.778	0.035	-2.223	0.048	139
59988.00	B	SN2022wpy_B_01-03_1	19.157	0.019	-3.135	0.107	161
59988.00	B	SN2022wpy_B_01-03_2	19.118	0.019	-3.153	0.101	163
59988.00	B	SN2022wpy_B_01-03_3	19.117	0.019	-3.159	0.098	161
59988.00	V	SN2022wpy_V_01-03_1	18.699	0.013	-2.653	0.194	156
59988.00	V	SN2022wpy_V_01-03_2	18.720	0.013	-2.668	0.087	160
59988.00	V	SN2022wpy_V_01-03_3	18.703	0.013	-2.670	0.081	158
59988.00	R	SN2022wpy_R_01-03_1	18.754	0.013	-2.351	0.248	145
59988.00	R	SN2022wpy_R_01-03_2	18.737	0.013	-2.393	0.246	147
59988.00	R	SN2022wpy_R_01-03_3	18.736	0.013	-2.375	0.245	147
59988.00	I	SN2022wpy_I_02-03_1	18.815	0.029	-2.862	0.257	148
59988.00	I	SN2022wpy_I_02-03_2	18.856	0.030	-2.850	0.218	146
59990.00	B	2022wpy_B_1_1	18.883	0.022	-3.513	0.096	157
59990.00	B	2022wpy_B_1_2	18.955	0.021	-3.389	0.106	159
59990.00	B	2022wpy_B_1_3	18.998	0.021	-3.328	0.094	157
59990.00	V	2022wpy_V_1_1	18.532	0.014	-2.865	0.090	160
59990.00	V	2022wpy_V_1_2	18.540	0.015	-2.874	0.093	160
59990.00	V	2022wpy_V_1_3	18.607	0.016	-2.829	0.091	156
59990.00	R	2022wpy_R_1_1	18.506	0.016	-2.637	0.083	153
59990.00	I	2022wpy_I_1_1	18.522	0.027	-2.979	0.223	151
